Name	TrueSA	RandomAssignment	BETSA	LCD	GeoSA	MaxLoad	MaxLoad_Pressure	MaxLoadArea	MaxError	Set
ABEYAJ	583.369	0.4815040410027272	464.82200199999994	4.6	220.679	6.8242748385	100000.0	583.5601196997472	0.03276137397551444	Training
ACUFEK	3259.719	0.2148714564978138	3638.2663469999998	15.17	3864.2	46.5330841297	100000.0	3979.1557033325585	22.070512928646867	Training
AFOVIB	1327.249	0.2547770091922069	1385.124083	8.72	1309.15	16.4933708004	70000.0	1410.387721232125	6.263988236730629	Training
ALUREF	1077.224	0.22360989050879496	981.378845	6.62	799.948	12.813745123099999	90000.0	1095.7340984645762	1.7183147111999204	Training
BAZGAM	5099.403	0.34179342100826915	7239.5528620000005	42.41	6603.29	264.1297217091	100000.0	22586.36641467724	342.9217776017553	Training
BUVYIB01	2419.738	0.118914303519858	2379.7930149999997	10.68	2769.22	30.280048010500003	60000.0	2589.3195774930805	7.008261947908438	Training
cg2007167_si_002	1892.113	0.07264073053305753	1637.067346	6.2	2328.0069399999998	22.286296686500002	100000.0	1905.7547167746627	0.7209779106566392	Training
cg5010616_si_007-1	873.0139999999999	0.31646987181884834	877.3658140000001	4.37	313.298	10.212777665900001	3500.0	873.3191288775071	0.034951200955216366	Training
cg801267m	2150.661	0.28958788180043593	2315.202378	10.5	2453.69	28.5772937871	80000.0	2443.71297724001	13.626135278410208	Training
CIGXIA	1767.064	0.24773761817806214	2375.155566	28.47	1927.4886	36.0885404218	100000.0	3086.01770396513	74.64096965164418	Training
cm0623918si20061006_115210	758.148	0.3982003093065195	713.975099	4.64	425.095	8.884236554600001	55000.0	759.712389951577	0.20634360989899425	Training
cm901983a	2044.534	0.3004950012742702	2991.971234	27.63	2103.5821	40.6110459348	90000.0	3472.7480043949918	69.85523373027749	Training
CUYYEB	1099.581	0.3145463356745686	1077.6493449999998	4.75	577.835	12.863116341700001	90000.0	1099.955949857987	0.034099339474497656	Training
DAWMUL	5173.972	0.4335999986674226	6788.157331999999	28.63	5759.52	118.5966813701	90000.0	10141.486855992538	96.00969730784277	Training
DIMKER	379.693	0.006607967755294708	329.613871	5.75	220.10299999999998	4.4430062968	80000.0	379.9321316544803	0.06298026418193954	Training
DIMQOH	821.428	0.19889716631619106	762.209741	4.6	229.76	9.649063609199999	80000.0	825.1145869753539	0.44880220486200395	Training
DOLXOR02	1273.252	0.25036621751699506	1052.876951	6.3	2027.85	14.905029026900001	100000.0	1274.5648041598834	0.10310638898532254	Training
DOTSOV13	2032.296	0.10493615402572397	2040.806035	12.99	2075.0837	26.38145949	80000.0	2255.941916492676	11.004593646431214	Training
DOTSOV36	2012.054	0.04425512963472589	2041.0585199999998	12.91	2070.6783	26.1622632738	100000.0	2237.197921974495	11.189755442671757	Training
DUVNIS	1249.362	0.4836398650275458	1158.1405710000001	7.52	1106.527	14.9895173344	90000.0	1281.7896021061465	2.595532928498419	Training
ECAHAT	1243.235	0.13609291806217072	1352.875529	11.74	1179.2891	18.299334111700002	80000.0	1564.8199782933352	25.86678932730621	Training
EHODOV	1115.6	0.05782750389741996	1097.77458	6.01	1152.028	13.0525438617	80000.0	1116.1543517192351	0.04969090348110688	Training
ETEJIX01	1560.442	0.12780986435944294	1428.617596	6.48	1899.6	18.3014156412	90000.0	1564.9979748765504	0.29196694760525593	Training
FACMIH01	944.627	0.14400795408099232	1050.6406240000001	13.58	795.716	13.0703279993	80000.0	1117.6751160073413	18.319200701159442	Training
FAYPAY	2492.351	0.4123730529055771	2793.6339239999998	12.75	2699.09	36.0343306509	80000.0	3081.382096352021	23.633553073063183	Training
FOHCIP	465.675	0.2560274507953758	417.341753	4.87	415.426	5.4482842997	90000.0	465.8958663496663	0.0474292907427426	Training
FORTUD	1795.274	0.08444246594279302	2152.4384670000004	17.38	1774.5179999999998	27.3388037484	100000.0	2337.80672165468	30.220051181863063	Training
GAZZIS04	2366.889	0.27663621686854745	2505.2693480000003	10.96	2488.92	31.833364276599998	80000.0	2722.1473793663295	15.00950738992531	Training
GEDSAL	1252.378	0.3840720047052471	1174.397985	5.19	1163.94	14.933278423199999	90000.0	1276.9804778360476	1.9644610362085317	Training
GUPBEZ02	1579.651	0.11183109417684156	2070.067705	23.44	1746.3	28.2675031241	100000.0	2417.2220341492884	53.02253688626718	Training
HEZKIH	804.76	0.27898441939141283	771.685218	4.52	240.322	9.4136766736	90000.0	804.9860851835525	0.02809349166863752	Training
HOGJIX	2438.165	0.39500437676962186	2406.8848	10.67	2820.53	30.286572755999998	100000.0	2589.877524140174	6.2224059544852	Training
HOHMEX	4509.311	0.4610416765514774	4024.2772549999995	18.78417	4974.08	95.93777134	100000.0	8203.869077934614	81.9317646960836	Training
HOJLID	3224.232	0.06441722152410823	2937.709556	7.88	4466.37	38.2980214429	90000.0	3274.955728833842	1.5732034429855533	Training
HOMXIR	3966.147	0.04141275074043682	4516.031959	23.3	4376.5	74.935115483	90000.0	6407.881569228489	61.56439913166327	Training
HURGEH	1614.826	0.0071774017988154295	1500.595508	7.86	1720.85	19.035498977	80000.0	1627.7712027208147	0.8016469093769036	Training
ic2017598_si_001	2958.9770000000008	0.2476373770134529	3543.379632	14.64	3500.81	49.162478256099995	90000.0	4204.001505626924	42.07618057277644	Training
ic402614w_si_002	1049.68	0.11144578032255792	1048.9388	8.88		12.378855543299998	80000.0	1058.5456467608865	0.844604713901991	Training
ic800131r-file003	4472.785	0.4751573821403802	5192.771453	12.5	4723.97	68.8009144617	90000.0	5883.331317814675	31.53619764452516	Training
ICAQIO	4403.324000000001	0.4450951368630399	5495.123847999999	20.25	4690.64	71.5458314833	80000.0	6118.055760132544	38.94175763883243	Training
IDAGEA	938.17	0.06816197215494868	840.6684759999999	5.63	1072.32	10.9786985014	90000.0	938.8148577311173	0.06873570153781583	Training
IKETEY	910.071	0.035594568267490516	749.1329400000001	5.32	739.1489999999999	10.6974659351	70000.0	914.7659860286452	0.5158922796842432	Training
IZOWAW	1473.7520000000004	0.053359721969482576	2127.989889	18.7	1768.08	27.0006936201	80000.0	2308.894113119439	56.66775095941777	Training
ja111042f_si_002	3623.982	0.08243783173054875	4366.752799	13.59	3842.45	55.853196941899995	100000.0	4776.140918174528	31.79262253991682	Training
ja4015666_si_002	2740.491	0.28113062238765085	2927.826477	9.72	2975.19	35.4272673081	80000.0	3029.4706529571704	10.544813062957346	Training
ja406030p008	2635.268	0.2417173485765988	2580.1607050000002	11.44	2737.6623	35.0495847686	100000.0	2997.1741125664303	13.733180555694155	Training
ja406030p_si_005	2656.6540000000005	0.08466174355921863	2597.400132	10.96	2930.04	34.403102264699996	100000.0	2941.891842099932	10.736732826327087	Training
ja5131269_si_003	2940.295	0.014851878411389463	2968.38344	10.6	3179.83	37.8418252911	90000.0	3235.9453010226594	10.055123755359896	Training
ja809985t_si_002	3815.186	0.18154041609561955	5946.638657	22.66	4372.26	74.3130642784	100000.0	6354.688477800252	66.56300578268667	Training
JEJWEB	3406.777	0.2269682862672311	4127.148403	10.8	4020.52	51.611651968500006	90000.0	4413.43622779116	29.548726781681324	Training
JEJWOL	2993.0370000000007	0.3796819116854748	3159.277828	9.56	3268.22	40.8507629286	80000.0	3493.2467798556145	16.712448922469505	Training
KEFBII	2466.731	0.40660776780991104	2515.660231	11.81	3005.86	32.6412511746	80000.0	2791.2317269428645	13.155091777046799	Training
KEQDER	3508.54	0.3593283712400053	3812.688464	13.24	4109.39	48.422042878	90000.0	4140.685099400687	18.017326278186577	Training
KIJRUS	2698.413	0.33657935369865755	2651.705014	12.0	3173.78	33.723316118	80000.0	2883.7616972088626	6.868803893579768	Training
LEJCIO	4758.785	0.440524127203008	7094.994613	18.13	5263.27	94.52615665569999	90000.0	8083.15851840488	69.85761110041491	Training
LETRIN	961.827	0.3218512513884345	908.363825	6.76	819.058	11.4063132235	60000.0	975.3812188932213	1.4092158873915301	Training
LOQSIU	1240.573	0.2774873347779988	1167.984072	10.01	1199.14	15.0646813003	100000.0	1288.2170532237735	3.8404876797877607	Training
LOVVEZ	873.837	0.3926871577522786	798.635545	6.83	894.373	10.2375089679	100000.0	875.4339618666519	0.18275283223895253	Training
LURRIA	3352.983	0.3882578309268423	5776.314412	22.34	4574.59	74.2759345504	90000.0	6351.513425647625	89.42873929416358	Training
LUXFEQ	1600.7120000000002	0.3795243690207458	1703.6341129999998	19.42	1752.58383	24.371965844600002	90000.0	2084.1052920897732	30.198642359760715	Training
MATTOR	832.783	0.036918469400398564	805.3380080000001	5.38	372.7533	9.7515376814	50000.0	833.8773908269494	0.13141368483138982	Training
MEJZEI	404.559	0.4327226581087181	353.853913	5.02	128.882	4.7681959786000006	80000.0	407.73988180043466	0.7862590624444478	Training
MIBQAR16	3441.932	0.02023795528922168	3780.5290200000004	15.0	3634.4	51.16265866689999	90000.0	4375.041732987419	27.110057171013818	Training
NAKLIW	1300.204	0.07143796825889215	1246.549001	4.86	754.732	15.214656689000002	70000.0	1301.0418086524435	0.06443670781227619	Training
NATXOW	374.843	0.20370788365224834	364.489039	6.01	307.092	4.3869836381	90000.0	375.14149965466237	0.07963324769632903	Training
NAZBAT	1340.309	0.4193988113668239	1259.057648	6.73	1245.557	16.080338361600006	30000.0	1375.068326112484	2.5933815345927047	Training
NERNON	937.968	0.05269622993079592	842.9022769999999	6.04	689.4010000000001	11.023884339	90000.0	942.6788071503036	0.5022353801306222	Training
OCIZIL	386.399	0.3026601527517937	373.633735	4.38	146.658	4.5233922727	35000.0	386.80612938003145	0.1053650190687474	Training
OKABEI	2823.827	0.07212859505318958	3195.1679440000003	13.33	3061.21	41.4674779347	80000.0	3545.9835601432396	25.57368281212834	Training
OLOKEF	698.0939999999998	0.004128376452375959	697.499084	4.09	151.40200000000002	8.1710254917	60000.0	698.724000256447	0.09024576295558293	Training
OQIRAI	497.027	0.17228723988585004	377.925933	5.65	321.51599999999996	6.1761219885	90000.0	528.1350139294074	6.2588177160209355	Training
OWITAQ	2886.713	0.3206956674741627	2798.005352	7.13	4776.25	35.953689599200004	90000.0	3074.4862864826305	6.504743855126238	Training
OWITOE	2905.441	0.3474223039351392	2958.607672	7.14	4829.1	36.075532520100005	90000.0	3084.9053670717994	6.176837425774595	Training
PAVLUU	895.518	0.39515330486278577	882.7526330000001	4.53	400.416	10.47681779	60000.0	895.8978335855958	0.04241495822482044	Training
PEWLUA	3291.015	0.11838728250236785	3542.570885	17.62	3648.66	46.4421404708	80000.0	3971.3788927952373	20.67337562409279	Training
PODKUQ	4344.277	0.41534116590941694	4884.811921	22.27	4746.36	68.9548538638	100000.0	5896.49504554281	35.73018123712668	Training
PODXIR	693.5980000000002	0.2737953686410109	649.702271	5.75	765.163	8.233377562000001	60000.0	704.0558754327689	1.5077718552776496	Training
PUSXIL01	1015.14	0.1712276621895319	927.120075	6.64	986.716	11.9002970924	90000.0	1017.6229650841457	0.24459336487043065	Training
QIYDIN	6732.121	0.4162653196135737	9225.997902	29.91	6820.06	165.9169071932	100000.0	14187.952934667794	110.75011775141583	Training
QUBZIX	2643.734000000001	0.3422754028838757	2584.007291	7.48	3338.51	32.0515149232	80000.0	2740.801964718648	3.671623723061664	Training
QUFTAM	532.495	0.02582014551760736	494.258468	4.84	348.725	6.236651501	70000.0	533.3110378141123	0.1532479768096023	Training
RAVVOA02	382.4980000000001	0.09797641646844024	375.032848	4.55	189.69400000000002	4.4746969525	35000.0	382.642075680961	0.03766704164751073	Training
RAVWAO	2578.173	0.3663712204789297	2964.026369	16.94	2595.33	46.9638814666	100000.0	4015.994217524485	55.76899678665805	Training
RAVXIX	2915.243	0.4124710943205475	3237.155069	52.64	2989.21	126.1331445876	100000.0	10785.947913232685	269.9845231849518	Training
RAVXOD	3421.135	0.3203406560191454	3651.177061	71.64119000000001	3273.75	171.24074744950002	100000.0	14643.207292200623	328.0219077060865	Training
RAYLUA	871.327	0.053117660203735984	823.696415	6.37	891.436	10.2999850004	90000.0	880.7764373482049	1.0844880679934081	Training
RAYMOV	4145.727	0.3094674552265725	5483.649762	13.27	4851.33	68.6924717882	90000.0	5874.058124541272	41.68945819493837	Training
REBCAE	1504.677	0.4522689803067883	1459.01121	10.18	1423.757	19.0112607691	90000.0	1625.6985353915868	8.043024209952494	Training
REGXOS	1546.167	0.027058308899918337	1743.542129	19.12	1504.46	22.405570544899998	80000.0	1915.9541106637064	23.91637582898267	Training
REPCIZ	1645.338	0.3655120537809985	1614.021858	8.59	1826.42	21.3620236087	90000.0	1826.7179076365978	11.02386911604776	Training
REWLEM	2576.351	0.4026089098444244	2593.6711370000003	12.25	2774.62	33.226868976700004	90000.0	2841.3093106831616	10.284247398089835	Training
REWNEO01	3259.3520000000008	0.209875960472704	3502.7087590000006	18.35	3615.22	45.5368222354	80000.0	3893.962957722419	19.47046399782589	Training
SARNOQ	1267.272	0.3727291856116026	1186.794775	8.89	1375.18	15.5253981957	80000.0	1327.6140606699764	4.761571365103663	Training
SOTWOP	1515.822	0.3901785025601624	1343.207299	6.04	1528.0858092	17.8963753783	80000.0	1530.3620098993408	0.9592161810120801	Training
SUKYON	4047.889	0.4842948710876822	3888.654653	10.54	5028.25	50.04397068390001	90000.0	4279.38003870993	5.718808957210285	Training
SUNLET	2405.564	0.2057535109434766	2900.234667	14.51	2382.51	38.2102837223	90000.0	3267.453065774806	35.828980886594834	Training
TEDHAN	1753.3339999999996	0.30596048495044226	1719.5929850000002	10.0	2042.07	22.744777719899997	90000.0	1944.960530295176	10.929265633083974	Training
TESGOO	366.694	0.0018864714347851532	362.435337	4.5	168.99599999999998	4.2886591196	55000.0	366.73353409888307	0.010781223276915518	Training
TIVXOM	240.795	0.31448055800572416	220.17671299999998	5.72	163.737	2.8664161812	70000.0	245.11412705324685	1.7936946586294813	Training
TOFTIT	3251.025	0.10621417971216518	3513.7264649999997	20.02	3502.72	45.6753510929	100000.0	3905.808892796502	20.140844588906628	Training
TOHZAS	1095.893	0.3387814995673015	1066.444884	5.21	1137.4	13.0056776916	90000.0	1112.1467130351757	1.4831478105230782	Training
TOVGAO	4040.832	0.22093181117807792	5048.1255630000005	20.85	4461.04	66.75451632	90000.0	5708.338901362367	41.266424868996474	Training
TOWNOK	1473.5410000000004	0.4878542015529348	1411.488524	7.77	1610.97	17.4513944053	90000.0	1492.3106189437756	1.273776497822265	Training
VAGMEX	4811.979	0.18834263153171735	6585.217129	15.32	5174.09	85.4732343859	90000.0	7309.021408100834	51.89221333054101	Training
VETMIS	4773.867	0.06708682554620571	7342.612607999999	17.03	5720.12	97.0299110552	90000.0	8297.260566116684	73.8058594032193	Training
VETSOE	2480.342	0.12840672427094546	3481.8955960000003	20.51	2913.179	45.6154839524	80000.0	3900.689509931209	57.264180098196505	Training
VUQKUO	613.6519999999998	0.3890822362830981	587.278022	4.98	386.35	7.1840459929	70000.0	614.3250145632619	0.1096736526992638	Training
VUSKEA	3325.401	0.3916048508263482	3847.573347	14.97	3610.61	50.658408098500004	80000.0	4331.922056682171	30.267659650134572	Training
WAGYUA	4021.477	0.4402090478899357	5094.917085	16.49	4505.24	65.68474098899999	80000.0	5616.8598453477625	39.67156458554314	Training
WEMXIX	353.827	0.2640433658077591	305.137513	5.51	254.56799999999998	4.1424229408999995	90000.0	354.2285274914171	0.113481303410165	Training
XADDOX	1086.66	0.1355118532192865	1035.314405	5.85	1016.88	12.7088187594	90000.0	1086.7615932813164	0.00934913232440271	Training
XAFFIV	4788.734	0.030212225499589133	6465.804798	14.42	5344.26	83.1602815153	80000.0	7111.235257048939	48.499274694500436	Training
XAMDUM01	2036.308	0.438805049391747	2053.507395	12.89	2062.7441	26.464460711799997	80000.0	2263.0395501717258	11.134442833388945	Training
XOFGAC	1637.151	0.03421428512754532	1748.873255	20.28	1584.68	22.379095204299997	100000.0	1913.690140748183	16.89148653656156	Training
ZIKJIO	2329.661	0.4621416500220724	2080.223231	6.73	2693.28	27.7517296308	90000.0	2373.1170048808212	1.86533598153642	Training
CUSYAR	5293.849	0.373275179260204	8219.808192	28.01343	5755.27	130.3378932233	90000.0	11145.506060468117	110.53690916511061	Training
HABQUY	4216.165	0.49450250108025	7551.464545999999	25.7	5734.78	107.3394558577	100000.0	9178.854485085985	117.70624453943299	Training
XUKYEI	5777.805	0.14536650350017633	7972.536776000001	12.75	6377.96	105.79498495690001	70000.0	9046.783071628415	56.5782000539723	Training
ADATEG		0.24718027565152256	593.84153	27.33782	6278.02	131.8748055961	100000.0	11276.931126055939		Training
ALUKOI	3654.949974742212	0.4416536668331061	3540.7885119999996	8.54787	5016.99	45.508955627	100000.0	3891.580017158274	6.474234778897406	Training
ALUKUO	3600.061780535044	0.1917650927320198	3575.536968	8.547989999999999	5009.58	45.2332225325	100000.0	3868.001418488153	7.442639995841617	Training
BAZFUF	5146.160042281505	0.3601080108744951	6706.852802	20.24597	5455.26	88.6482098609	90000.0	7580.521180909225	47.304419579389275	Training
EPOTAF	3701.331039221365	0.3842887320266716	3610.9890579999997	7.634530000000001	5148.67	44.8137454839	100000.0	3832.1309293174495	3.5338608924750643	Training
HEXVEM	4495.8539061318825	0.4896603382143645	5339.576612	28.4313	5471.02	128.0289337456	100000.0	10948.061394027245	143.5146164134741	Training
OGEBAF	4436.305434583139	0.4651925226846042	5321.470621	14.90715	5088.58	70.5559071926	90000.0	6033.404958216488	36.000666482140495	Training
XAFFAN		0.15788228671371862	6294.761791	14.913160000000001	5207.99	81.8499347064	90000.0	6999.18435658756		Training
XAFFER	4700.07989683036	0.1076193237348324	6299.670427	14.21921	5194.78	82.1922005847	80000.0	7028.4523332791005	49.5389969438381	Training
XAFFUH	4626.332472037288	0.4151727285894743	5165.855141	23.72832	5152.38	92.1545200575	100000.0	7880.354180964962	70.33696191520595	Training
XAHPED	4395.668624244552	0.013401653631597732	5957.864747	12.36916	5120.45	78.6003912719	100000.0	6721.308098599221	52.907524955986815	Training
ACOGEF	826.727	0.7424274461984588	792.4728	4.92	676.931	9.752272997	70000.0	833.9402694286628	0.8725092356561215	Test
ADATAC	4917.27	0.8099579771470786	6461.34585	26.32	5137.14	91.7638632634	90000.0	7846.948180925166	59.57936377146598	Test
ADATIK	3869.46	0.7108411682630363	5785.707084000001	23.97	4549.48	80.6303065557	80000.0	6894.89102631364	78.18742218070844	Test
AWEJIW	1134.922	0.9101022796725934	1130.7722800000001	10.52	911.4789999999999	14.2412975375	100000.0	1217.807531545715	7.303191897391619	Test
BAZGEQ	4150.175	0.8362819563525513	7684.474517000001	27.02	4582.8	89.0197226728	90000.0	7612.290133085542	83.42094328758526	Test
BEPVOJ01	454.638	0.7766927883719218	454.245112	4.78	397.11199999999997	5.4184596288	70000.0	463.3454871617971	1.9152572292234993	Test
BIWSIK	2401.174	0.956259345845924	2846.1241210000003	18.63	2421.94	33.7925132624	60000.0	2889.6789110996538	20.344419483954674	Test
BIBXOB	3989.606	0.6775329982739042	5184.131856	19.48	4921.8	68.6664863685	100000.0	5871.836048937719	47.178344150718615	Test
BUFPAU	1294.714	0.5993277252676247	1687.618339	17.54	1383.73	21.8516217967	80000.0	1868.5846237281291	44.324122835477894	Test
BUSNAF	434.075	0.9202087581032568	424.700733	6.41	480.92199999999997	5.0793898351	100000.0	434.35081533500517	0.06354093993092831	Test
CAJQIP	3421.869	0.537882985187615	3813.6931310000004	13.01	3682.08	49.7688444622	100000.0	4255.853335189431	24.372187690102425	Test
CAXTUS	1990.212	0.9966078868492833	2343.372918	13.34	1979.24	30.0535228202	80000.0	2569.9488648100705	29.12940253651724	Test
CEJBEA	431.109	0.6797754627322369	404.583124	6.85	401.94199999999995	5.2054896706000005	60000.0	445.1339149082154	3.2532178424053795	Test
CEKHIL	3330.614	0.6473326899568445	3281.4736329999996	8.63	4232.78	41.6063732068	70000.0	3557.860828209164	6.822971026037964	Test
cg401858s_si_002	1015.909	0.8726104986684865	944.879664	5.52	970.291	11.9485258575	80000.0	1021.7471225368829	0.5746698313414791	Test
cg401887b_si_003	2502.661	0.6357001952704721	2415.769418	8.06	2731.4	30.415872396300006	55000.0	2600.9342467013644	3.9267502351043273	Test
CIFDOM	1384.794	0.7415271943597712	1246.065096	5.85	1376.62	16.2246530744	100000.0	1387.4090235593223	0.18883845245735129	Test
CITZIP	859.002	0.6707610321845789	790.8783990000001	6.7	842.107	10.2548090612	60000.0	876.9133343649588	2.0851330223863114	Test
cm303749m_si_001	3289.844	0.6546899390341123	3339.21927	11.12	3835.85	43.897767594899996	90000.0	3753.803461682126	14.102780000575285	Test
COCNAL	2874.107	0.7935426879634869	3044.804364	10.56	3439.98	38.939714253000005	70000.0	3329.8284210882375	15.856104908002298	Test
COSMII	2145.69	0.8863879308643393	2089.105072	8.46	2425.02	26.144638293299998	80000.0	2235.6907675919865	4.194490704248352	Test
COYTUG01	523.6990000000002	0.5939268821096573	463.94383899999997	5.07	132.835	6.1465458911	70000.0	525.6058908580995	0.3641196294244134	Test
CUSDIE	1443.317	0.8024890844779782	1470.26415	12.98	1557.14	19.996806378800002	70000.0	1709.9749057864972	18.475352662408685	Test
CUVGOQ	1279.919	0.7886599045091356	1142.9889560000001	5.44	1277.85	14.983398588699998	55000.0	1281.2663734763496	0.1052702144705644	Test
CUVHIL01	778.01	0.6766214273126616	828.655766	12.78	746.7819999999999	10.8503897301	100000.0	927.8428667562032	19.25847569519713	Test
DEFKUU	693.997	0.9487263362851333	691.863824	4.96	709.112	8.1184047718	40000.0	694.2242762080703	0.032748874717079934	Test
DOTSOV07	2028.763	0.6673863551484759	2039.064711	12.98	2069.674	26.2582374566	50000.0	2245.4049046837617	10.67852206905202	Test
DOTSOV08	2047.79	0.9718846672584786	2039.289415	12.98	2071.2146	26.4034312577	100000.0	2257.820775080945	10.256460627356576	Test
DOTSOV34	2011.576	0.8883153739362779	2031.818343	12.94	2065.025	26.2249709415	80000.0	2242.560205137924	11.48274811083072	Test
EBEMII	272.128	0.8050867122182631	232.444113	4.26	131.065	3.2540471380000002	70000.0	278.2613804835112	2.253858656040977	Test
EFAYEQ	4195.13	0.8492753532506541	4540.290887	11.05	5093.51	61.61896489310001	90000.0	5269.1855735247245	25.602438387480824	Test
EGELUY	1589.986	0.6446817834097839	1505.458024	7.14	1489.06	18.7827712966	60000.0	1606.1598522233776	1.0172323670382935	Test
EMIGIR	1336.204	0.6967352920560839	1256.9864890000001	7.48	1851.64	15.8590790902	90000.0	1356.1479147928183	1.4925800845393598	Test
ENITAX	3687.428	0.9353650787451278	3767.771588	9.77	3993.9	46.8911692612	90000.0	4009.7764223314384	8.741822818816763	Test
ETEJUJ	1582.929	0.6759798711290188	1469.875982	6.6	1753.4	18.7255048558	80000.0	1601.2628614311118	1.1582238641854246	Test
EZILUV	1640.175	0.590547323753082	1541.006116	9.48	1407.05	19.7462702758	60000.0	1688.5509623323196	2.9494390740207392	Test
FALVUL	737.925	0.7224057653364266	653.520969	5.33	448.583	8.640418585299999	100000.0	738.8629302336077	0.12710373460822502	Test
FIJDIM07	1056.635	0.9476138257795276	908.908364	5.85	819.9810000000001	12.3685511431	80000.0	1057.6644927692244	0.09743125764567347	Test
FOTNIN	2343.064	0.6852606723496515	2312.747727	33.34	3088.36	132.2226292423	90000.0	11306.674360819254	382.55934796570875	Test
GEWXAJ	361.049	0.586769642981673	352.171477	4.52	238.176	4.225247054	28000.0	361.31101618046955	0.07257080907842776	Test
GOBGAG	1237.778	0.6769453000270587	1486.037022	16.88	1315.69	17.953120499999997	100000.0	1535.2144214441996	24.029868154402454	Test
GOZNAM	1536.479	0.8454918911818199	1448.2510949999999	5.96	1441.86	18.2969514775	80000.0	1564.6162335245708	1.8312800581440274	Test
GULVUF	2146.71	0.6579273989425242	2674.581669	15.67	2262.2	35.1737708288	90000.0	3007.7935606206765	40.111778517856465	Test
GULWAM	2377.279	0.504867543665107	2275.481317	8.45	2538.29	29.133521367399997	90000.0	2491.277332577655	4.795328296664179	Test
GULWIU	1972.738	0.6220111893176896	1957.192137	10.56	2312.4	25.0898904553	90000.0	2145.4967485697953	8.757308297898414	Test
HEBZEV	761.658	0.6344782497827447	670.080747	7.52	601.14	8.9443074746	80000.0	764.849198490985	0.4189804992509783	Test
HIFWAV	932.092	0.9772378836812669	898.9619869999999	6.52	955.059	11.014915484300001	70000.0	941.9118588596555	1.05352892843791	Test
HOWQEQ	484.44	0.88673534694361	480.644561	1.51	214.345	5.6902151660000015	70000.0	486.5839553610585	0.44256365309604656	Test
ic302758g_si_002	626.651	0.5839827908636733	568.261386	5.51	344.95599999999996	7.3371261592999995	80000.0	627.4152669845253	0.12196054654429767	Test
IMIXEI	2351.909	0.9605786890195704	2165.279625	6.7	2772.35	27.7931933629	80000.0	2376.6626681256494	1.052492597530315	Test
ja078060t-file002	3070.969	0.5707517473313098	3587.016895	16.65	3298.74	46.0820314887	80000.0	3940.5851094743093	28.317319695324482	Test
ja406030p003	2644.906	0.6173420915516221	2885.4849510000004	14.58	2613.17	41.0426536656	100000.0	3509.6558173142525	32.694916844464515	Test
jp209895d_si_002	1264.193	0.5462844143317176	1241.732583	5.1	974.8439999999999	14.787834808	90000.0	1264.543245235619	0.027705044690091888	Test
KANMIX	1307.357	0.6744839255820877	1275.790511	9.39	1209.5484	16.1161412553	80000.0	1378.1299174797157	5.413434699146118	Test
KARLIA	2464.895	0.6028776393947438	2469.05171	9.9	2535.78	31.7710302342	80000.0	2716.817045799004	10.220396641601532	Test
KEFBOO	2576.604	0.9842357644506352	2621.859593	11.83	2974.44	33.065891222800005	80000.0	2827.543716600563	9.739165063803492	Test
KESBIU01	1144.47	0.8466893502004212	1055.9258710000001	5.6	1080.63	13.455574144000002	55000.0	1150.6184384313854	0.5372301966312205	Test
KETHEY	650.867	0.7241542247353265	591.7559190000001	5.0	341.56	7.6560234224	55000.0	654.6849373056377	0.5865925458869125	Test
KIKFIV	1066.515	0.6876046935728783	1037.8595970000001	6.74	1193.67	12.6712566856	70000.0	1083.5495702017013	1.5972180608525122	Test
KONYOB	395.344	0.8106503245663063	393.780664	4.08	227.06599999999997	4.624796658	23000.0	395.47746173755917	0.033758381955758365	Test
KUJNEJ	2828.057	0.8542047945511453	2844.5465719999997	12.45	3059.03	37.4508938573	100000.0	3202.5158158829804	13.24085108196124	Test
la4012839_si_002	2128.3520000000008	0.7360672210828363	2100.9406489999997	13.69	2127.634	27.904007781199997	80000.0	2386.1386749890867	12.1120319847979	Test
LEDHEJ	406.418	0.8231756887020069	254.56591699999998	4.86	295.677	4.8523989527	80000.0	414.9402802028634	2.0969248908422817	Test
LELDUD	4134.508	0.6773954674772984	4884.042708	16.16	4290.62	63.980062047299995	80000.0	5471.088657813536	32.32744156774001	Test
LIDZOP	372.367	0.8298182835086212	326.977486	5.12	225.078	3.8276902527999996	27000.0	327.31497997353466	12.098821868335635	Test
LIGHAM	991.824	0.8743887953528454	841.934463	5.28	851.615	11.6525139532	80000.0	996.4344341716196	0.4648439815551609	Test
LOXBEH	1287.748	0.5111999247652241	1380.201722	11.33	1365.82	18.3751292942	100000.0	1571.3014062573482	22.01932414240582	Test
LUMDIG	710.3430000000002	0.9616846842173205	707.782683	7.52	853.11	8.7134376039	80000.0	745.1069617597383	4.893968372988554	Test
LUXDEO	708.362	0.7687565035867691	668.602573	4.96	308.817	8.3512292317	80000.0	714.133654552823	0.8147888442382659	Test
MAYKOO	3048.276	0.67571984839835	3429.4526539999997	12.25	3127.56	42.8370654454	100000.0	3663.1002751932224	20.169573726041296	Test
MIBQAR18	3460.207000000001	0.6101682509358163	3735.927234	14.9999	3633.14	51.0515659729	90000.0	4365.541930101013	26.164184110979843	Test
MIHMAS	552.678	0.8118763624781636	519.732522	5.29	418.7495	6.5659167161	80000.0	561.4672965938296	1.5903105594631213	Test
MODMUN	282.441	0.961462106578985	272.76102599999996	4.69	144.642	3.3046732473000002	60000.0	282.59054059241646	0.052945780682155094	Test
NAYZOE	4034.056	0.9268846015385188	4472.654708	15.823139999999999	4603.95	55.273088716000004	100000.0	4726.534471518078	17.165812064038725	Test
NIGDIS	3048.257	0.7503720833181008	3317.85999	13.86	3306.59	42.2576963939	80000.0	3613.5570371137337	18.545025472384175	Test
ODIXEG	3980.793	0.6380846526631092	3858.8243420000003	10.02	4084.29	51.8366671903	80000.0	4432.677819443809	11.351628166644415	Test
OFERUN02	1382.562	0.5080233389591208	1400.78466	11.32	1311.71	19.0466015048	90000.0	1628.7206065190594	17.804525693535588	Test
OGIYUZ	1235.856	0.8434880309952578	1272.015887	9.76	914.01175	15.7151610197	22000.0	1343.8411351809941	8.737679404477069	Test
OJIDAN	1647.244	0.6064601564449826	1715.825934	19.52	1485.6777	30.3060042937	80000.0	2591.5391615645913	57.32576118441417	Test
OKIVIO	489.416	0.9106938455915808	465.823622	4.9	405.506	5.8573523972000014	70000.0	500.87626113032536	2.34161963040141	Test
OTAVOV	1176.096	0.9240771965116624	1084.343933	5.33	1316.41	13.7580628883	100000.0	1176.484976929465	0.033073569629085434	Test
OVIWIA	406.204	0.7999912112618549	384.447089	4.77	184.774	4.7542756151	60000.0	406.5495181086772	0.08506024280341828	Test
OXALIJ	1523.359	0.921883232280842	1430.358528	6.84	1678.25	18.1213359354	90000.0	1549.598927042299	1.7225044813664467	Test
PEVQOY	3299.434	0.6561976988392104	3545.979292	14.79	3541.0	47.89558787479999	90000.0	4095.666668585047	24.132401756939117	Test
PIZREX	763.8960000000002	0.5109682838250784	757.670271	5.2	734.888	8.936129944700001	30000.0	764.1499182831643	0.03323990218094158	Test
PIZRIB	763.538	0.5703200516527168	748.694041	4.9	715.3689999999999	8.936081912799999	50000.0	764.1458109601185	0.07960454622016368	Test
PUDSUD	1606.833	0.8485714147573441	1475.788614	6.75	1969.19	19.1573481118	90000.0	1638.1908146754863	1.9515291679649487	Test
QIYDAF01	5141.1590000000015	0.8046476654344247	7902.994011	21.39	5595.10841	100.4475430792	100000.0	8589.510482805781	67.0734261050043	Test
QIYDOT	6088.661999999998	0.9386531471428992	7350.315302	19.48	6486.83	153.0864321705	90000.0	13090.788222336661	115.00270867945477	Test
QOWRAV01	5234.245	0.6561404925457162	6646.180325	19.93	5462.23	89.18310762719999	100000.0	7626.261572660175	45.69936204094717	Test
RAVWUI	2893.55	0.7439197489526794	3537.289308	35.8	2889.73	87.71495117280001	100000.0	7500.715990668944	159.22192430298227	Test
RAVXET	2586.585	0.5583592068860228	3016.5198760000003	37.24	2754.98	82.929215837	90000.0	7091.4762763398785	174.16366662374824	Test
RIFDUG01	2136.449	0.8110465118335308	2101.503597	13.34	2107.8843	28.207477226399998	70000.0	2412.089075574807	12.901785887461239	Test
ROLZAV	3542.847	0.6446747069291697	3622.2623340000005	15.21	4061.23	48.4324741068	90000.0	4141.577098810324	16.899688267947326	Test
SACDUX	1305.12	0.5971584854632691	1265.352922	7.2	1219.16	15.2793198766	100000.0	1306.5713130157696	0.11120149992106138	Test
SAHYAD	683.212	0.8024298809027142	598.2086889999999	4.9	429.6046	8.0131656275	60000.0	685.2250244050309	0.29464125411013464	Test
SEMNIJ	6014.248000000001	0.8188752208104477	9317.452281	31.57	6199.45	145.4564343066	90000.0	12438.3287929997	106.81436470527484	Test
SISQIW	618.977	0.5957332843221445	562.661371	5.84	607.4490000000001	7.258114576900001	80000.0	620.6587969457036	0.2717058866005654	Test
SIVVAW	452.285	0.8942837948932874	391.87809300000004	4.84	178.878	5.297644937099999	90000.0	453.01433291927	0.16125516417081048	Test
SIVWUR	199.718	0.8371816769959347	200.921339	4.69	165.40599999999998	2.3425140943000002	80000.0	200.31400223741934	0.2984218935796251	Test
SUNJOB	1036.128	0.6819958434977089	920.708261	4.93	832.948	12.119287825399999	90000.0	1036.349388240735	0.021366881382898217	Test
TANBAN	399.412	0.6556679723590763	374.934801	4.39	114.1782	4.6964922431	80000.0	401.6083232888644	0.5498891592802541	Test
TEWFUY01	819.179	0.7334476734000398	800.4554059999999	4.9	359.69800000000004	9.5835053112	60000.0	819.5085395734588	0.040228029949360734	Test
TIRRIW	1100.389	0.5631858135784304	1031.9298509999999	5.67	1020.49	12.912557526099999	55000.0	1104.1837841948734	0.34485842687208806	Test
TOWNEA	2531.41	0.7914140460059936	2403.96846	8.35	2934.93	31.269714691100006	70000.0	2673.9483505512203	5.630788791670273	Test
TUBJAD	582.988	0.5021326898198742	577.6845860000001	2.74	362.92199999999997	6.8199013247	55000.0	583.1861300382762	0.03398526869784457	Test
ULUVUT	1090.056	0.9096609081835648	951.291142	4.84	1121.78	12.7469811074	80000.0	1090.0249472484315	0.0028487299339203945	Test
VAKRIK	1314.871	0.763508032055047	1097.595433	5.35	861.14	15.3845849039	90000.0	1315.5727781362582	0.05337239442181773	Test
VAZROF	488.835	0.6671616853974037	401.690127	4.95	487.43	5.7388511872	80000.0	490.74293826032124	0.3903031207506131	Test
VEBHUG	3042.357	0.7937871814710603	4296.923789	17.26	3795.08	58.5412414594	100000.0	5006.002056172795	64.54354489538194	Test
VEGMIE01	942.302	0.8407043512248489	864.118416	6.25	931.477	11.0294452669	90000.0	943.1543354412595	0.09045247078531829	Test
VEMMIK	2170.339	0.7147216648432589	2568.0982010000002	13.39	2182.97	34.4482808397	80000.0	2945.7551704767616	35.7278826246389	Test
VIRVEY	1762.963	0.5118053648209159	1743.067005	7.12	2159.02	20.7812628151	90000.0	1777.0556583499572	0.7993734610401476	Test
VIXPUP01	2910.976	0.9384498260982146	2924.348547	10.57	3171.45	37.3718281885	90000.0	3195.754720786287	9.782929188914201	Test
WITFIQ	1197.773	0.558207027795282	1152.240973	7.57	949.77	14.335427299900001	100000.0	1225.8567934399687	2.344667431973234	Test
WOSZEL	413.217	0.9415678051984956	394.700434	2.07	301.981	4.8385356288	60000.0	413.7547941041971	0.13014810721657932	Test
XAHQAA	5567.076999999998	0.7971900859714508	6543.778947	22.75	6260.74	192.1034163151	80000.0	16427.224177303357	195.07808455502524	Test
XAKQOR	1293.312	0.6824435190318721	1233.283606	5.64	1051.7293	15.4442852874	90000.0	1320.6779012102636	2.1159550990220226	Test
XECJUK	527.385	0.6979403126831254	342.375575	4.6	393.341	5.0250119064	80000.0	429.7008281448393	18.522364469061632	Test
XUTQEI	3547.456	0.8039762197368813	4132.767943	14.96	4313.75	55.736106103100006	70000.0	4766.128199530728	34.3534126859002	Test
YIKJOT	1043.696	0.8266410609799146	1047.5757199999998	8.39	990.9585099999999	12.8125719669	100000.0	1095.6337790623395	4.976332098842919	Test
YOBYAR	3014.448	0.6243240485031905	2996.572147	9.42	3378.95	38.8985195644	90000.0	3326.3057643987977	10.345435197382665	Test
YURJUR	2481.093	0.8143444056455253	2763.5690440000003	13.61	2811.89	35.9916060954	100000.0	3077.7286170722828	24.04728952410421	Test
ZIGFEC	2243.63	0.7884106755454752	2256.594844	13.93	2307.112	29.594412290900003	70000.0	2530.689221584357	12.794410022345781	Test
ALUKIC	3716.0649672750537	0.5567012022316908	3604.215559	8.54387	5119.04	46.653134827399995	100000.0	3989.421526614559	7.356075896056097	Test
AMODUC	3617.2953386715003	0.8909038978969063	3586.9492920000002	8.56321	4998.35	46.034999321499996	70000.0	3936.563275979836	8.826150684881345	Test
AMOFAK	3760.415168413482	0.8437039304198142	3637.957376	8.38842	5097.31	46.4188623742	80000.0	3969.38832688754	5.557183159704775	Test
LEJCEK	4863.4102373473415	0.8872858722230429	6764.083228	17.20124	5762.75	89.9433144295	100000.0	7691.268680821176	58.145587262164376	Test
NIBHOW	3864.2108343976147	0.5975617356396559	7581.366288	27.51057	5123.89	112.3623523582	100000.0	9608.37441979534	148.6503669589026	Test
RICBEM	5143.58000995808	0.8395627281449806	5558.48583	11.37522	5776.0	73.4803587422	100000.0	6283.481828906502	22.16164260576385	Test
XAFFOB	4604.62852260096	0.6955572045229763	6230.101058	14.839129999999999	5173.27	81.195526297	100000.0	6943.224322919583	50.78793628715239	Test
OKUSOE	4574.0	0.0	4349.641593	24.84911	4964.85	98.33630943120001	100000.0	8408.973826604548	83.84289083088211	Test
NIHWIN	5574.0	0.0	8254	32.73324	6228.24	167.94695487180002	90000.0	14361.547183779308	157.6524431966148	Test
SEMNEF	5783.0	0.0	9120.276276	30.84624	6040.3	129.5082990701	30000.0	11074.565473402017	91.50208323365065	Test
CNT-5-5	226.455	0.0	226.15026400000002	3.4	0.0	2.64918232	80000.0	226.53793822076798	0.03662459242143976	Test
CNT-6-6	188.71200000000002	0.0	197.766763	4.7	77.6	2.3127526104	0.08	197.76902632156893	4.799390776192776	Test
CNT-7-7	317.73	0.0	294.247842	6.1	265.2	3.8167763952	70000.0	326.3817098169004	2.7229754247003406	Test
CNT-8-8	505.05800000000005	0.0	482.819857	7.4	386.7	5.97681417447	60000.0	511.09172441294834	1.1946597050137386	Test
CNT-9-9	617.808	0.0	578.57133	8.8	496.4	7.102171586679999	100000.0	607.3237375888147	1.6970098171576513	Test
CNT-10-10	708.007	0.0	762.002607	10.2	572.1	9.77940328149	100000.0	836.2602451680855	18.11468603673206	Test
CNT-11-11	741.3689999999999	0.0	860.3577119999999	11.5	644.0	10.43750761633	21000.0	892.5363262906574	20.390295020517108	Test
CNT-12-12	827.862	0.0	956.3647390000001	12.9	695.0	12.198142998429999	100000.0	1043.0924833389454	25.998352785723394	Test
CNT-13-13	878.237	0.0	1156.860897	14.2	742.0	13.881593933440001	80000.0	1187.0484130738948	35.16265120621141	Test
CNT-14-14	900.2339999999999	0.0	1187.7329869999999	15.6	784.0	15.649949644760005	90000.0	1338.2647540025753	48.6574328455241	Test
CNT-15-15	939.067	0.0	1404.640217	16.9	818.6	18.099469870840004	60000.0	1547.7291073832187	64.81562097094442	Test
CNT-16-16	991.581	0.0	1455.921473	18.3	850.0	18.7542190028	100000.0	1603.7182770550344	61.733461719721774	Test
CNT-17-17	1055.361	0.0	1553.335889	19.7	879.5	21.160756352539998	90000.0	1809.507061520941	71.45858730054843	Test
CNT-18-18	1079.104	0.0	1705.516948	21.0	901.8	22.403005082820002	70000.0	1915.7347318441368	77.53012979695532	Test
CNT-19-19	1084.74	0.0	1118.153734	22.4	925.0	24.14998298666	100000.0	2065.1230051484645	90.37953842842197	Test
CNT-20-20	1082.399	0.0	1041.620257	23.7	943.0	26.20282640918	100000.0	2240.6665730323634	107.00929814535709	Test
CNT-21-21	1080.281	0.0	1032.42632	25.1	961.9	27.10681289343	80000.0	2317.968626868143	114.57089654156123	Test
CNT-22-22	1125.5330000000001	0.0	1034.893841	26.4	976.7	29.08597667291	100000.0	2487.211671644549	120.98078613817177	Test
CNT-24-24	1124.41	0.0	1074.89057	29.1	1004.8	32.74355412238	100000.0	2799.979897534607	149.0176979513351	Test
CNT-25-25	1115.019	0.0	1054.7371890000002	30.5	1018.0	34.316630449	100000.0	2934.4974296070673	163.1791413067461	Test
CNT-30-30	1131.823	0.0	1116.131272	37.3	1066.6	41.8474965147	90000.0	3578.479860963632	216.16956546771286	Test
CNT-35-35	1173.481	0.0	1116.228512	44.1	1102.4	49.5608201734	100000.0	4238.064678995849	261.1532422762575	Test
ALAMUW	3219.353080864741	0.0	3052.286787	11.92678	3514.27	40.0153111211	80000.0	3421.805290711951	6.288599130382733	Test
ALANAD	3038.2021513970662	0.0	2744.9906079999996	8.58065	3722.59	35.8345719903	100000.0	3064.300253863329	0.8589982221644492	Test
ANUGEW	4007.573607146661	0.0	4974.634554	14.4419	4545.44	65.0680235745	90000.0	5564.1228591120735	38.84019121170066	Test
ANUGIA	3158.086503491296	0.0	3839.70578	13.85309	3718.37	48.4802000312	80000.0	4145.658257147987	31.271206553871167	Test
DICKEH	3876.932816192906	0.0	3950.8229899999997	12.83987	4446.98	52.0792388175	80000.0	4453.420701457586	14.8696898449425	Test
DIDDOK	3851.344859896193	0.0	3969.392967	9.60031	4569.87	50.5087123812	80000.0	4319.121216626127	12.145792541220047	Test
DITJOH	3332.971586731892	0.0	4945.665523	19.43102	4035.44	63.559969154399994	100000.0	5435.165506318714	63.07266248399389	Test
EDUSIF	3430.1344901063703	0.0	3897.675394	15.0742	3632.67	50.8924406539	90000.0	4351.934742172559	26.873589205465905	Test
EDUVOO	3937.5997082820563	0.0	6164.996122	20.93415	4829.51	82.585972849	80000.0	7062.124744652827	79.35100741192345	Test
EHIJAH	4189.773081910704	0.0	5860.287536	18.49076	4485.85	77.0643515075	100000.0	6589.9576518499425	57.28674376906013	Test
FAHPOV	3683.56056600954	0.0	4715.152305	15.833260000000001	3971.7313	61.959453455600006	90000.0	5298.301567676649	43.83641785524879	Test
FAYQED	3313.3119751463564	0.0	3630.1567700000005	12.559	3570.47	47.7880002716	80000.0	4086.466594425167	23.33479687630859	Test
HAFTOZ	2998.6665691536105	0.0	3715.414714	15.37241	3610.18	49.9276337713	90000.0	4269.4317901049135	42.377676598768474	Test
LAWGOG	3109.050954075372	0.0	3837.209697	15.0805	3668.26	51.7060958527	90000.0	4421.512350994423	42.21421315719079	Test
LEHXUT	3969.0542667268237	0.0	5085.509558	24.94881	4497.63	72.80975854100001	80000.0	6226.1371962614085	56.867021155544506	Test
LEJCAG	3800.711188435295	0.0	4085.647864	13.20796	4309.09	52.8667421328	100000.0	4520.761999956846	18.945159887773187	Test
LUKLIN	3742.71192749277	0.0	4636.16611	20.05813	4079.85	60.354758088500006	80000.0	5161.080215567048	37.89680626113371	Test
LURGEL	3734.4465181705373	0.0	3703.822628	9.80097	4312.16	47.06121208800001	90000.0	4024.317192553892	7.762078609854048	Test
LUYHAP	3289.840796074149	0.0	3240.4489329999997	12.05622	3529.47	42.7607881244	100000.0	3656.5776184089427	11.147555309437173	Test
NIBHUC	3915.329799035979	0.0	4963.629524	18.86769	4265.36	63.6985480788	100000.0	5447.015722733577	39.120227472912376	Test
PENNON	2955.7222461951387	0.0	2918.04679	7.9329	3598.36	35.7846112286	90000.0	3060.027989224534	3.5289426522964593	Test
PETVEQ	3068.629183971599	0.0	2758.495098	6.764480000000001	3771.89	36.1206460844	100000.0	3088.7631362276466	0.6561220352466607	Test
SICZOV	3958.9108160862324	0.0	5440.475829999999	18.76086	4173.13	72.0890853553	80000.0	6164.510702536555	55.712290296823916	Test
PEVPUD	3118.5109466683007	0.0	3673.3750590000004	14.95299	3624.13	50.4227179342	80000.0	4311.767625076484	38.26366810361894	Test
SETTAO	3670.5070280045466	0.0	4120.299658	13.881960000000001	3801.22	52.4728317404	60000.0	4487.077776917779	22.246810663570844	Test
VEWKUF	3789.360097915906	0.0	4532.175665	12.541080000000001	4411.22	59.9969421228	80000.0	5130.482513581722	35.3917912526554	Test
VUJBEI	2877.2940269905025	0.0	3790.1085700000003	18.44776	3674.26	50.8594448443	60000.0	4349.113191303719	51.152894021493566	Test
VUJBIM	2861.5526247320813	0.0	3898.668789	18.70668	3688.85	50.172580178100006	80000.0	4290.377745221758	49.931813524605495	Test
WAVROC	3479.5096835386635	0.0	4080.4606340000005	18.88525	3635.73	53.2402207767	100000.0	4552.699055145481	30.843120704161493	Test
XAHPIH	4184.721759232595	0.0	6303.041058	14.316729999999998	4664.2	85.2847669163	90000.0	7292.905102453412	74.27455209807792	Test
XALMOO	4225.740730726942	0.0	4650.398871	13.400720000000002	4612.81	60.2771781462	100000.0	5154.446168509113	21.977340706901533	Test
ADASEF	2972.5873009049706	0.0	4873.8787520000005	21.62414	4166.64	67.67525838	80000.0	5787.0737646939115	94.68137278700284	Test
ALULAV	3659.277427958667	0.0	6748.2777829999995	8.53005	4943.78	44.801660257799995	80000.0	3831.097492629096	4.695464283676329	Test
BINCUY	2898.7897555196996	0.0	3134.037777	13.3117	3505.32	40.117393635999996	80000.0	3430.5346115590855	18.3436848093888	Test
BIWYAH10	2663.2940871788433	0.0	2310.1360010000003	7.2461	3773.58	32.231388292300004	80000.0	2756.1833682064744	3.4877590677951105	Test
CAVPEW	4502.379386994771	0.0	5376.820738	20.25907	4702.17	69.5848406608	100000.0	5950.366728522593	32.16049153277414	Test
CAVPIA	4450.993506042143	0.0	5175.725399	19.92035	4618.58	67.2530884352	80000.0	5750.972999506196	29.206501687754756	Test
ECOKAJ	3459.230648145673	0.0	4438.664821	18.9972	3585.43	95.2486573966	90000.0	8144.941290761018	135.45528237982998	Test
ECOLEP	3983.679017301701	0.0	5463.424659	11.63969	4553.21	73.0251422731	100000.0	6244.555176114235	56.75347207928193	Test
EFAYIU	4185.507063611313	0.0	5035.039181	11.56521	5120.17	65.68415247729999	80000.0	5616.8095202998675	34.196632210521386	Test
GAHWIX	3442.587707030531	0.0	3463.500452	10.08038	3988.38	44.485091712700005	80000.0	3804.0269565730873	10.49905711347359	Test
GAQYIH	2989.111883769997	0.0	2582.917319	20.25844	3685.24	52.0610036285	100000.0	4451.861366681744	48.93592276870092	Test
HABRAF	4692.370684013739	0.0	5519.205147		4810.94	78.90855749100001	80000.0	6747.6601315933885	43.80066252186208	Test
ILITUT	3893.2868344816948	0.0	4319.832654999999	12.63372	4132.18	56.929360576099995	100000.0	4868.166253327693	25.040010158300653	Test
IYOWID	4352.245450838501	0.0	5436.737198	20.516679999999997	4659.7	69.9458962712	100000.0	5981.241460301363	37.42886351111059	Test
KARNAU	3678.4935578298573	0.0	4592.3474240000005	15.53234	3972.07	61.1415039333	100000.0	5228.356740945922	42.13309494091959	Test
LAWGIA	3128.019866146368	0.0	3791.598053	15.074489999999999	3663.85	51.731397371499995	90000.0	4423.6759445906555	41.42096706183965	Test
MEHMET	3401.8694159481993	0.0	5464.395323	21.82341	4564.52	73.1681509238	80000.0	6256.784189056355	83.92193891170888	Test
MUDTAH	3573.73093985707	0.0	3847.6243689999997	18.89369	3669.17	50.4992574584	100000.0	4318.312703485684	20.834857916259175	Test
MUDTEL	2836.1453102310743	0.0	3764.837829	19.09514	3673.87	50.5479043562	90000.0	4322.4726164691165	52.406599227348615	Test
NIBJAK	3916.1429516422168	0.0	5818.6244	32.00355	5440.75	144.7596765696	100000.0	12378.747366690262	216.09539078493776	Test
OLOGEC	3440.773855693813	0.0	4007.890545	13.04043	3807.65	52.700896212299995	80000.0	4506.580117264682	30.97577191268081	Test
OWIZAW	4546.540722531729	0.0	5788.901233	14.23644	5007.14	75.9038548657	80000.0	6490.720798817684	42.761743376695044	Test
PEVQIS	3208.9847347420805	0.0	3485.8850119999997	14.89727	3527.69	48.4552711509	90000.0	4143.5265287642205	29.122662501454784	Test
PUZLOM	3113.3794445682256	0.0	4745.642554	16.83849	4954.25	60.9187178513	80000.0	5209.305768387506	67.31997692976195	Test
QUSBIP	3469.961830705949	0.0	3674.2719810000003	10.669089999999999	4135.37	46.915175683	80000.0	4011.8292690749686	15.615948094125834	Test
RAYMIP	3520.9479496074214	0.0	4416.390771	13.47425	4089.38	58.65693865340001	100000.0	5015.895600905003	42.4586694462287	Test
SUKYIH	3517.0117475906354	0.0	3603.81754	9.64677	3804.84	44.753061693199996	100000.0	3826.941712733595	8.812309636306455	Test
TOHSAL	3582.646534716477	0.0	3408.6762350000004	9.79069	4201.62	43.8118217929	100000.0	3746.454029883181	4.572248296877197	Test
UBULIO	3624.5470125245947	0.0	3928.3978119999997	24.24812	4041.24	65.2916619594	90000.0	5583.246714136996	54.039848147758306	Test
UFENAW	2498.508540741003	0.0	2299.249504	7.3025	3576.23	29.305056906500006	100000.0	2505.9457482113908	0.29766588142949324	Test
VAGMAT	4773.441289455405	0.0	6308.820126	14.920910000000001	5210.33	81.8772760076	80000.0	7001.5223768722935	46.67662075029075	Test
VUSJUP	3812.1407317418602	0.0	4279.193242	14.852879999999999	4100.75	60.0241176005	100000.0	5132.806353900996	34.64367438385968	Test
VUSKAW	3369.989159149556	0.0	3837.0912299999995	14.98828	3621.54	50.9227847812	80000.0	4354.529541323887	29.214942116395054	Test
WAMREJ	3190.6208876758647	0.0	3594.289769	15.938279999999999	3543.66	45.1843214169	80000.0	3863.819766730519	21.099306459597297	Test
WOLREV	3086.3666218329963	0.0	3261.752322	9.92256	3610.83	41.5480201114	80000.0	3552.8709149740807	15.114999295321145	Test
YUGZIK	4350.7385981383195	0.0	4795.252432	11.91055	4841.23	62.141735833599995	80000.0	5313.888971297136	22.137629081437996	Test
YUSWEP		0.0	4624.527647999999		4095.53	68.8513243292	20000.0	5887.641986568281		Test
ZELROZ	4516.451879442288	0.0	6244.674945000001	16.90888	4940.07	84.4083419839	90000.0	7217.95990306405	59.81483021923298	Test
ZILFOR	3178.624867542482	0.0	3041.3105920000003	9.3282	3636.96	39.2011473167	100000.0	3352.184189804577	5.4602014863200905	Test
